ttt
1.0 1.0 0.1
1.0 0.0
-0.2680999637 -0.4433000386 0.3 0.3 1.0 1.0 
0.5 0.5 1.0 0.5 0.3 0.3
100000 50000 50000 1000
34 400 400
9
2.220076e-01 -4.233408e-02 1.725721e-01 1.459397e-01 2.220076e-01 -4.233408e-02 
-1.810067e-01 -1.353370e-01 -8.670347e-03 -2.258414e-01 -1.810067e-01 -1.353370e-01

aaq
1.0 1.0 0.1
1.0 0.0
-0.2680999637 -0.4433000386 0.3 0.3 1.0 1.0 
0.5 0.5 1.0 0.5 0.3 0.3
10000000000 100000 100000 10000
34 520 2
9
2.220076e-01 -4.233408e-02 1.725721e-01 1.459397e-01 2.220076e-01 -4.233408e-02 
-1.810067e-01 -1.353370e-01 -8.670347e-03 -2.258414e-01 -1.810067e-01 -1.353370e-01

aah
1.0 1.0 0.1
1.0 0.0
-0.2680999637 -0.4433000386 0.3 0.3 1.0 1.0 
0.5 0.5 1.0 0.5 0.3 0.3
10000000000 100000 100000 10000
34 1000 2
9
2.220076e-01 -4.233408e-02 1.725721e-01 1.459397e-01 2.220076e-01 -4.233408e-02 
-1.810067e-01 -1.353370e-01 -8.670347e-03 -2.258414e-01 -1.810067e-01 -1.353370e-01

aaa
1.0 1.0 0.1
1.0 0.0
-0.2680999637 -0.4433000386 0.3 0.3 1.0 1.0 
0.5 0.5 1.0 0.5 0.3 0.3
10000000000 100000 100000 10000
34 2040 2
9
2.220076e-01 -4.233408e-02 1.725721e-01 1.459397e-01 2.220076e-01 -4.233408e-02 
-1.810067e-01 -1.353370e-01 -8.670347e-03 -2.258414e-01 -1.810067e-01 -1.353370e-01

ttt
1.0 1.0 0.1
1.0 0.0
-0.2680999637 -0.4433000386 0.3 0.3 1.0 1.0 
0.5 0.5 1.0 0.5 0.3 0.3
100000 10000 10000 10000
34 240 2
9
2.220076e-01 -4.233408e-02 1.725721e-01 1.459397e-01 2.220076e-01 -4.233408e-02 
-1.810067e-01 -1.353370e-01 -8.670347e-03 -2.258414e-01 -1.810067e-01 -1.353370e-01

ttq
1.0 1.0 0.1
1.0 0.0
-0.2680999637 -0.4433000386 0.3 0.3 1.0 1.0 
0.5 0.5 1.0 0.5 0.3 0.3
100000 10000 10000 10000
34 120 2
9
2.220076e-01 -4.233408e-02 1.725721e-01 1.459397e-01 2.220076e-01 -4.233408e-02 
-1.810067e-01 -1.353370e-01 -8.670347e-03 -2.258414e-01 -1.810067e-01 -1.353370e-01

tth
1.0 1.0 0.1
1.0 0.0
-0.2680999637 -0.4433000386 0.3 0.3 1.0 1.0 
0.5 0.5 1.0 0.5 0.3 0.3
100000 10000 10000 10000
34 240 2
9
2.220076e-01 -4.233408e-02 1.725721e-01 1.459397e-01 2.220076e-01 -4.233408e-02 
-1.810067e-01 -1.353370e-01 -8.670347e-03 -2.258414e-01 -1.810067e-01 -1.353370e-01

